1000 10
3 3 7 5 2 10 7 10 1 9 
17 18 1
5 9 8
0 6 3
20 1 7
5 6 6
8 11 8
13 17 2
3 6 10
4 5 9
14 17 2
13 17 10
22 1 4
16 18 7
4 7 1
20 1 5
2 6 8
21 23 9
0 3 8
11 15 5
23 1 8
21 0 6
2 5 3
11 14 5
4 6 3
13 17 4
22 0 4
10 14 4
6 10 1
11 13 6
13 17 5
5 8 9
3 7 3
1 5 1
6 9 8
14 19 4
1 4 6
1 3 2
8 11 7
23 3 3
6 10 10
6 9 9
23 2 6
3 5 8
19 21 5
5 9 9
5 7 9
7 10 4
21 0 1
20 23 9
0 3 6
11 12 7
19 20 6
12 15 2
21 23 10
14 17 2
7 9 7
9 11 4
22 0 4
12 16 6
13 17 5
1 5 7
14 17 8
21 2 9
15 19 2
17 21 10
15 19 7
11 14 4
23 2 8
9 12 5
10 14 2
9 12 10
19 22 4
9 10 4
6 6 10
23 4 3
20 23 6
1 4 5
6 9 4
16 19 7
12 16 7
20 0 8
3 7 2
13 16 8
5 9 6
6 9 1
14 16 9
3 6 8
5 8 1
2 7 10
3 5 4
4 7 9
3 7 8
17 21 2
20 23 5
9 12 2
22 2 5
5 8 6
11 15 3
7 10 3
12 15 8
8 11 1
7 11 3
0 2 3
2 4 4
1 3 10
20 22 9
0 5 4
11 12 7
1 4 6
17 20 8
16 20 7
23 3 7
5 10 5
2 6 3
22 1 7
3 6 7
12 16 7
18 21 6
17 21 6
1 3 6
7 8 3
18 22 1
14 17 1
8 11 7
14 16 2
4 6 1
21 2 5
21 0 9
0 2 5
16 19 4
14 18 1
20 23 7
1 2 9
2 5 5
0 2 4
15 18 3
17 21 1
11 15 2
3 6 5
13 15 8
11 15 2
8 11 3
14 17 2
5 8 10
21 22 6
8 10 7
9 12 8
14 16 2
12 16 7
15 19 6
3 6 7
18 21 2
17 21 1
4 7 2
14 18 10
22 0 4
5 9 5
2 4 2
0 3 6
23 1 7
6 9 5
2 5 1
1 4 9
6 8 9
18 21 10
2 7 5
8 11 3
17 20 7
22 0 8
12 15 1
6 10 9
5 8 7
2 6 7
4 7 10
20 23 8
6 9 10
3 7 2
2 5 3
3 6 7
11 15 6
18 22 5
0 3 1
13 14 4
20 22 6
5 8 7
10 12 5
0 3 10
6 9 3
5 7 3
2 5 7
21 0 3
6 10 7
1 4 7
18 22 8
18 21 4
23 2 5
6 10 2
14 17 6
5 6 3
0 3 10
11 15 2
19 20 8
19 21 1
14 16 7
20 23 9
16 20 9
21 1 5
19 22 3
20 0 10
11 15 2
23 2 9
15 17 10
4 9 1
10 14 10
10 12 5
2 5 1
5 8 6
7 10 1
19 21 9
23 1 3
7 10 3
4 10 9
16 20 2
8 11 6
12 14 9
7 11 4
6 9 7
20 23 7
16 21 7
13 17 5
23 3 8
22 1 7
7 11 1
18 21 7
0 3 4
12 16 6
13 17 4
16 20 4
5 7 1
16 18 3
12 17 10
20 23 9
14 17 4
6 8 2
8 10 5
19 22 1
20 23 6
17 20 2
3 6 2
10 14 5
14 18 1
1 4 4
16 19 2
8 10 6
12 14 7
18 21 4
17 20 7
12 15 3
2 5 2
19 21 8
13 17 1
16 19 1
17 21 7
18 22 3
19 23 8
7 10 4
6 12 1
11 15 6
17 21 3
5 7 5
9 12 5
15 17 5
4 6 6
12 15 10
20 0 5
12 16 2
14 16 10
14 18 8
4 6 9
1 5 6
18 22 2
3 4 4
13 16 5
16 20 9
10 13 10
18 20 6
19 20 8
18 20 3
8 10 3
0 4 7
17 19 7
8 12 2
8 11 4
20 23 4
5 7 2
17 19 8
17 19 10
12 16 1
8 11 8
12 15 3
3 6 6
13 16 7
12 15 4
1 3 7
7 9 1
7 12 4
20 21 2
7 9 1
5 9 8
12 16 7
0 4 5
22 1 1
21 0 3
0 3 1
19 22 8
12 16 9
2 4 4
13 16 4
5 7 1
18 22 1
17 19 9
19 21 9
6 10 1
13 17 9
8 12 1
10 12 4
7 9 1
20 0 3
4 7 7
21 0 10
5 8 6
19 21 6
9 11 1
23 3 4
13 17 1
12 16 2
16 18 1
0 3 3
3 7 9
0 3 10
10 15 7
8 12 4
11 13 8
4 8 1
4 7 8
2 5 6
17 22 9
2 4 9
14 18 5
22 1 6
16 18 1
3 5 4
10 11 1
11 14 6
0 4 4
20 1 5
12 14 7
21 0 9
2 6 9
22 4 9
4 7 3
3 7 7
5 8 6
9 12 10
16 18 3
4 6 8
23 1 5
23 4 1
5 7 4
19 22 4
5 7 7
12 14 8
14 18 1
0 2 7
20 23 1
15 20 9
22 2 8
5 8 3
20 21 7
3 6 4
18 21 8
0 3 3
17 21 8
1 3 9
20 22 9
11 11 8
10 13 8
22 0 2
11 14 3
13 16 3
13 16 5
15 17 7
15 19 3
21 0 7
10 13 6
6 11 7
15 18 2
8 11 7
16 18 3
8 10 9
2 6 6
19 22 10
3 5 5
13 16 6
9 11 6
17 21 2
15 16 8
4 8 9
14 16 6
14 19 1
18 22 4
18 21 8
12 14 1
13 16 8
2 5 10
4 7 1
9 11 6
12 13 6
0 3 1
5 7 6
16 20 7
4 7 3
19 23 8
13 16 1
2 4 6
11 16 9
2 5 10
5 9 2
3 5 3
15 17 6
12 16 9
14 18 8
0 3 4
20 0 6
14 18 4
2 4 1
20 22 2
7 10 3
8 12 3
0 4 9
20 0 7
0 4 6
11 15 5
15 19 9
12 15 8
9 12 3
8 11 2
16 20 2
21 0 9
1 2 6
4 5 2
5 8 10
4 7 7
22 1 1
20 22 6
7 8 2
15 19 9
18 20 4
17 19 4
17 21 9
4 8 1
21 1 9
3 7 3
15 18 9
11 16 3
23 2 2
21 1 5
21 0 3
9 15 2
2 6 3
0 3 1
11 13 6
18 23 9
6 8 6
8 11 4
9 12 5
6 10 5
20 22 10
3 7 4
10 12 4
3 7 9
8 10 1
20 23 4
8 11 4
14 18 7
20 0 5
12 15 10
8 10 5
12 17 9
22 3 10
15 17 3
22 0 7
22 23 3
4 7 9
9 12 1
7 12 4
20 21 3
14 18 5
9 12 1
4 6 10
20 22 5
4 7 9
8 10 6
8 12 2
1 2 6
3 6 3
9 13 10
6 9 8
20 23 7
19 22 7
5 8 8
12 16 6
8 11 10
4 6 6
8 13 5
4 7 7
4 8 6
8 12 8
12 15 1
14 18 10
6 7 10
9 12 2
6 8 6
20 0 5
11 14 2
12 15 1
12 15 3
6 8 4
1 5 2
15 17 10
0 2 6
6 7 2
1 4 6
8 13 5
17 19 5
4 6 2
0 4 4
15 18 9
16 21 8
0 4 7
19 22 3
18 22 2
23 4 1
17 18 5
1 6 3
8 12 7
10 13 3
5 8 9
11 15 1
13 17 8
13 15 3
20 23 5
4 7 2
8 10 3
1 5 6
15 17 1
4 8 1
9 12 3
9 11 5
23 2 10
22 1 4
4 7 8
10 13 7
10 15 4
2 5 10
12 14 8
18 20 7
1 2 5
11 15 3
11 13 4
1 3 3
19 22 6
9 11 7
2 5 3
21 0 10
17 20 5
17 19 1
15 19 5
9 13 1
19 21 7
21 1 6
12 15 9
20 0 1
16 19 10
23 3 5
1 5 7
16 19 6
4 8 3
2 6 2
1 4 10
16 18 4
19 22 6
10 14 3
17 20 10
18 21 1
1 4 5
15 18 7
2 6 2
19 23 7
13 17 10
19 23 3
9 12 4
7 11 10
22 3 6
15 17 9
10 13 5
10 13 7
6 9 7
14 16 10
16 19 10
2 6 7
1 5 3
19 21 3
12 14 10
21 23 2
22 3 1
21 0 3
10 12 5
16 19 6
13 15 10
14 17 8
0 5 5
0 3 8
15 19 1
3 5 9
7 11 5
3 7 8
22 1 4
0 4 4
5 10 5
14 18 6
2 6 5
13 16 7
6 8 6
15 17 5
2 4 6
18 22 3
23 3 10
4 6 5
17 21 10
23 0 3
2 4 1
10 13 1
16 19 2
5 8 6
2 4 8
7 7 5
13 15 2
13 18 10
13 16 10
13 16 8
11 14 5
23 1 1
15 18 10
14 17 9
3 7 1
13 15 4
18 19 5
11 15 7
7 11 7
13 15 10
3 4 5
10 13 9
17 21 5
21 1 3
19 22 9
9 13 10
1 3 1
22 0 4
23 2 2
4 9 6
7 9 1
4 9 8
8 11 1
4 7 7
10 14 1
9 12 7
19 21 10
14 18 8
2 6 7
13 16 3
16 22 5
14 18 8
4 6 3
1 3 3
19 22 4
21 2 5
17 21 10
7 10 2
2 5 3
17 21 8
7 10 7
9 11 4
15 19 7
21 0 6
8 11 3
14 17 10
2 4 5
21 1 7
0 4 9
15 18 3
8 11 4
2 4 1
10 13 5
2 5 1
7 10 7
8 11 3
5 7 6
5 9 3
5 8 2
7 8 1
7 7 9
12 14 4
5 7 2
16 20 7
15 18 1
21 23 2
10 13 3
7 9 3
15 18 6
7 9 10
12 15 5
16 20 7
19 22 9
23 3 4
0 2 4
15 19 8
19 23 9
4 7 4
13 16 8
15 19 10
13 15 5
8 10 8
8 10 2
11 14 9
20 0 10
18 20 10
1 5 6
9 13 10
7 9 8
6 7 3
6 9 7
9 12 9
19 21 8
7 10 5
14 18 9
21 1 2
4 7 9
10 13 8
17 20 5
6 9 4
9 11 6
19 20 3
16 18 6
19 21 9
0 4 7
0 3 1
4 7 1
16 21 8
11 15 5
20 22 9
16 18 8
10 12 4
0 2 3
11 15 8
16 18 8
4 7 9
2 5 10
4 5 8
0 3 6
5 9 1
13 16 2
17 19 5
11 13 6
18 20 5
7 11 10
19 22 1
3 7 7
13 17 10
3 6 7
20 23 10
11 15 2
23 3 10
8 12 3
14 18 4
9 12 10
11 13 3
22 2 9
6 8 8
3 6 9
18 21 1
23 1 4
13 17 5
21 0 5
20 23 2
7 9 8
19 23 3
17 18 7
10 12 6
7 12 8
4 7 1
19 21 2
18 21 6
20 23 3
14 18 5
2 7 8
9 13 3
8 10 3
12 14 7
5 8 4
2 5 1
12 15 1
4 7 7
22 2 6
10 12 4
11 14 10
23 1 3
11 14 9
3 7 10
20 22 9
17 20 4
16 18 1
20 23 7
4 8 8
20 0 1
4 7 4
15 17 7
19 22 3
1 4 10
6 9 2
22 1 5
10 13 7
23 2 7
9 12 6
21 23 8
6 10 7
14 17 10
16 20 1
15 17 10
22 1 1
4 8 10
12 15 8
23 1 8
22 1 4
21 0 10
2 5 9
7 11 2
12 14 7
3 6 10
14 16 3
3 6 3
0 2 4
1 5 3
15 18 3
0 4 2
12 16 9
9 12 2
11 15 5
20 0 9
6 8 4
19 0 6
21 0 3
19 22 5
12 15 8
16 18 6
11 15 2
3 5 2
6 12 4
11 14 6
6 9 8
14 15 1
2 4 5
11 13 5
7 12 3
19 21 5
3 9 2
3 6 1
6 8 7
23 3 1
23 2 4
23 2 2
11 13 6
22 2 5
9 12 7
15 19 6
8 12 9
19 22 2
0 3 7
7 9 4
7 8 2
11 14 5
6 9 6
5 8 10
19 22 5
15 16 1
1 4 6
23 3 4
21 2 5
16 20 5
18 19 7
23 2 6
22 23 9
9 12 10
7 9 9
6 9 5
16 18 5
6 9 7
13 18 8
13 15 3
19 23 1
18 22 3
4 5 2
7 11 5
9 11 2
20 23 4
2 6 7
18 23 4
22 2 5
20 0 10
14 19 4
21 23 8
11 14 5
7 10 4
7 9 9
1 5 2
21 1 8
4 8 5
18 21 6
5 8 1
22 1 8
19 20 3
2 4 2
23 1 10
2 5 10
1 3 5
10 14 6
6 7 9
6 8 5
18 21 2
20 22 10
15 17 8
8 12 5
1 4 4
3 5 9
0 2 3
15 18 6
23 1 3
10 13 5
10 13 9
23 4 9
16 18 9
8 11 3
19 21 7
19 21 4
4 7 4
12 15 4
9 13 2
14 18 8
4 7 2
11 13 8
16 18 2
1 4 9
0 3 5
13 15 10
15 18 6
0 4 7
9 14 1
11 15 4
9 13 6
6 10 8
1 5 7
6 11 6
4 6 1
0 3 7
20 23 10
15 17 3
21 0 9
4 5 8
8 9 7
3 7 8
20 0 2
8 12 2
9 12 2
12 15 10
4 6 1
9 12 1
13 17 10
3 8 7
3 5 6
0 3 10
12 15 5
7 12 8
10 14 8
11 13 1
11 15 4
7 9 1
23 2 8
15 17 5
11 13 9
23 1 1
